85 42 47
11111111111111111111111111111111111111111111111
10001000000000308100001110001011100001010000111
10001000000000300100010110000010000000010000111
10001100100111132100112010000010000000010000001
10000100000000002000100010000010000000010000001
10000100000000002000100030000011100000001000011
10000000000000000000000010100000100000000100011
10000000111111111000000010100000100001000100001
10000000100000000000000011110000000000000100111
10000011233000000088000011000000000010000001001
10000010000000000000000011100000100000000010001
10000010000000001000000010000001000000000100001
10000000000000000000000010000011100000000001001
10000333000000000000000010000000100000000001001
10800000000000000000000010000000110000000001001
10000000000000000000000011000000000000000011001
10000000000000000000000011000000101110000000001
10001000000000000000000010001000000010000000001
10000000000000000000330010001000000010000000001
10000000000000000000111110001000000010000000001
10000000111000000000000011111000000000001100001
10000000000000000000000010011110000000000000001
11110000000000000000000010000000001100000000011
11111110000000100000030010000000000010001100001
11111011000000000000000010000000101100000000001
10000011233000000080000010000000000010000000011
10000000000000000000000010000001000000000000011
10000010000000000000000010000220000001100001011
10000010000000001000000010000000010000001000011
10000000000000000000000030001110011000001000101
10011000000000000100000010000000033300001101101
10001002000000000100000010000000000000000002011
12220111111110000021000010000000000000000002081
10012000020003300100000010000000000000000003331
10100001000000001000001210000000000000000000001
10000000100200001000001010000000000000000000001
10011000000000000100000010000000000011000000001
10021003011210100000100110000000000000010000011
12010000200010001011101110000001100010010000221
10030000200010010010020010000110000010010001051
12000000200010001200030010000010000000010001001
11111111111111111111111111111111111111111111111
LUUUUULLLLLLLLLLLLLLLLLLLUUUUULLUUUUUUUUULLLLLLLLLLLLUUUUUUUUUUURRRRRRR
